0.09569
0.09252
0.09442
0.09442
0.09062
0.08998
0.08935
0.08872
0.08935
0.09062
0.09062
0.09062
0.09062
0.08935
0.09062
0.09062
0.09252
0.09188
0.08998
0.09062
0.09062
0.09062
0.09188
0.09125
0.09062
0.09062
0.09062
0.08998
0.08998
0.08998
0.08998
0.08998
0.09062
0.09062
0.09188
0.09125
0.09062
0.08998
0.09062
0.08998
0.08935
0.08998
0.09062
0.08998
0.08935
0.08935
0.09188
0.09188
0.08998
0.09062
0.09062
0.09062
0.09125
0.09125
0.09188
0.09188
0.09315
0.09949
0.09949
0.09949
0.10012
0.10456
0.09442
0.09569
0.09632
0.09505
0.09822
0.09759
0.09569
0.09442
0.09378
0.09252
0.09125
0.09125
0.09125
0.09062
0.09125
0.09125
0.09125
0.09125
0.09062
0.09062
0.08998
0.08998
0.09062
0.09062
0.08998
0.09062
0.08872
0.08935
0.08872
0.08872
0.08745
0.08808
0.08935
0.09062
0.09062
0.09062
0.09062
0.09062
0.09062
0.09062
0.09062
0.09125
0.09062
0.09188
0.09442
0.09378
0.09188
0.09315
0.09442
0.09442
0.09315
0.09315
0.09188
0.09188
0.09378
0.09442
0.09442
0.09442
0.09695
0.10329
0.10202
0.10202
0.10202
0.10899
0.09569
0.09695
0.09632
0.09822
0.09822
0.09632
0.09822
0.09695
0.09695
0.09695
0.09695
0.09695
0.09695
0.09759
0.09695
0.09695
0.09759
0.09822
0.09822
0.09822
0.09822
0.09885
0.09949
0.10076
0.10012
0.09949
0.10012
0.10012
0.09949
0.10012
0.10012
0.09949
0.10012
0.10012
0.09885
0.09885
0.09885
0.09822
0.09759
0.09695
0.09695
0.09695
0.09759
0.09822
0.09695
0.09759
0.09759
0.09759
0.09759
0.09727
0.09759
0.09695
0.09695
0.09695
0.09695
0.09822
0.09759
0.09695
0.09505
0.09949
0.09885
0.09632
0.09695
0.09569
0.09505
0.09569
0.09569
0.09632
0.09632
0.09569
0.09569
0.09569
0.09632
0.09885
0.09759
0.09695
0.09569
0.09569
0.09569
0.09569
0.09569
0.09695
0.09695
0.09632
0.09569
0.09569
0.09569
0.09632
0.09632
0.09695
0.09727
0.09759
0.09695
0.09695
0.09632
0.09569
0.09569
0.09569
0.09569
0.09632
0.09632
0.09569
0.09505
0.09378
0.09442
0.09505
0.09505
0.09442
0.09442
0.09505
0.09632
0.09569
0.09569
0.09569
0.09695
0.09664
0.09695
0.09759
0.09822
0.09949
0.09949
0.09822
0.09378
0.11533
0.1147
0.11596
0.11533
0.09695
0.09885
0.09822
0.09949
0.09822
0.09695
0.09632
0.09695
0.09695
0.09695
0.09695
0.09695
0.09632
0.09632
0.09695
0.09695
0.09695
0.09759
0.09695
0.09695
0.09695
0.09695
0.09632
0.09632
0.09632
0.09632
0.09695
0.09822
0.09885
0.09822
0.09822
0.09822
0.09822
0.09949
0.09885
0.09822
0.09949
0.09822
0.09822
0.09885
0.09949
0.09949
0.09885
0.09822
0.09885
0.09822
0.09885
0.09885
0.09885
0.09885
0.09885
0.09949
0.10012
0.10266
0.10202
0.10139
0.10266
0.10392
0.10963
0.11026
0.10963
0.10773
0.10646
0.10329
0.10456
0.10456
0.10646
0.10899
0.10963
0.10899
0.10773
0.10519
0.10519
0.10582
0.10646
0.10709
0.10836
0.10709
0.10836
0.10709
0.10836
0.10646
0.10646
0.10646
0.10709
0.10709
0.10899
0.10963
0.10836
0.10709
0.10773
0.10963
0.11026
0.11089
0.1128
0.10963
0.10963
0.10836
0.10709
0.10646
0.10266
0.10329
0.10709
0.10836
0.10899
0.10836
0.10836
0.10899
0.10836
0.10836
0.10836
0.10836
0.10963
0.10963
0.11089
0.11406
0.11216
0.11153
0.11406
0.11596
0.11596
0.11723
0.12357
0.12357
0.12103
0.12103
0.12167
0.11596
0.11723
0.11723
0.1185
0.11723
0.1166
0.1166
0.1166
0.1166
0.11596
0.11343
0.11343
0.11596
0.11596
0.11533
0.1147
0.11533
0.11533
0.1128
0.1128
0.11343
0.11533
0.1166
0.1166
0.11596
0.11596
0.11596
0.1185
0.11786
0.1166
0.11723
0.1185
0.1185
0.11786
0.11723
0.11786
0.1185
0.11913
0.11977
0.1185
0.1185
0.1185
0.11913
0.1185
0.1185
0.1185
0.11977
0.1204
0.11977
0.11913
0.1185
0.11723
0.11596
0.11723
0.1166
0.11723
0.11723
0.11628
0.11533
0.11343
0.11406
0.11406
0.11153
0.11089
0.11153
0.11216
0.11406
0.11216
0.11153
0.11026
0.11026
0.10836
0.10709
0.10646
0.10266
0.10519
0.10709
0.10582
0.10266
0.10076
0.10202
0.10139
0.09885
0.09569
0.09632
0.09885
0.10012
0.09949
0.09885
0.09885
0.09885
0.09632
0.09442
0.09569
0.09695
0.09505
0.09569
0.09569
0.09695
0.09632
0.09619
0.09505
0.09315
0.08935
0.08998
0.08998
0.08872
0.08681
0.08808
0.09062
0.09125
0.08872
0.08872
0.08935
0.08935
0.08935
0.08872
0.08872
0.08618
0.08681
0.08111
0.08048
0.08365
0.08808
0.08872
0.08808
0.09188
0.08555
0.08555
0.08491
0.08618
0.08555
0.08428
0.08238
0.08238
0.08111
0.08238
0.08365
0.08238
0.08301
0.08301
0.08301
0.08238
0.08301
0.08301
0.08301
0.08301
0.08428
0.08618
0.08555
0.08555
0.08808
0.08872
0.08745
0.08491
0.08555
0.08808
0.08618
0.08681
0.08618
0.08681
0.08681
0.08745
0.08745
0.08745
0.08808
0.08618
0.08745
0.08681
0.08808
0.08808
0.08872
0.08872
0.08681
0.08745
0.08745
0.08618
0.08555
0.08808
0.08872
0.08935
0.08808
0.08745
0.08808
0.08935
0.08935
0.08998
0.08935
0.08808
0.08808
0.08872
0.08808
0.08745
0.08745
0.08745
0.08745
0.08681
0.08872
0.08808
0.08808
0.08745
0.08745
0.08618
0.08491
0.08491
0.08238
0.08238
0.08238
0.08365
0.08365
0.08428
0.08491
0.08491
0.08555
0.08555
0.08491
0.08301
0.08238
0.08174
0.08174
0.08174
0.08238
0.08174
0.08174
0.08238
0.08238
0.07921
0.07858
0.07794
0.07858
0.07921
0.07794
0.07794
0.07794
0.07731
0.07668
0.07794
0.07731
0.07794
0.07731
0.07794
0.07858
0.07731
0.07794
0.07731
0.07604
0.07351
0.07161
0.07414
0.07604
0.07794
0.07858
0.07794
0.07794
0.07858
0.07921
0.07984
0.07984
0.07858
0.07921
0.07984
0.07921
0.07858
0.07921
0.07921
0.07921
0.07794
0.07921
0.08048
0.08111
0.08174
0.08048
0.07984
0.07921
0.07984
0.08048
0.07984
0.08048
0.08048
0.08048
0.08048
0.07984
0.07921
0.07921
0.07921
0.08048
0.08111
0.08174
0.08111
0.08111
0.07984
0.07858
0.07921
0.07921
0.07921
0.08111
0.08174
0.08048
0.08048
0.08238
0.08174
0.08048
0.08111
0.08111
0.08174
0.08238
0.08238
0.08238
0.08111
0.08111
0.08048
0.08048
0.08174
0.08048
0.08111
0.08111
0.08048
0.08048
0.08111
0.08111
0.08048
0.08048
0.08048
0.08111
0.08111
0.08111
0.08174
0.08174
0.08111
0.08174
0.08174
0.08111
0.08111
0.08174
0.08174
0.08238
0.08238
0.08174
0.08174
0.08111
0.07921
0.08048
0.08111
0.08174
0.08238
0.08238
0.08238
0.08174
0.08048
0.08174
0.08174
0.08174
0.08428
0.08301
0.08111
0.08111
0.08174
0.08174
0.08174
0.08174
0.08238
0.08301
0.08301
0.08428
0.08428
0.08301
0.08301
0.08301
0.08238
0.08238
0.08174
0.08079
0.08111
0.08048
0.08111
0.08143
0.08238
0.08681
0.08872
0.09062
0.09252
0.08428
0.08428
0.08301
0.08301
0.08238
0.08111
0.08048
0.08174
0.08174
0.08365
0.08365
0.08301
0.08174
0.08048
0.08238
0.08174
0.08174
0.08174
0.08174
0.08111
0.08111
0.08111
0.08048
0.08048
0.07984
0.08048
0.07984
0.07921
0.07984
0.08048
0.08048
0.08111
0.08048
0.08048
0.08048
0.08048
0.08048
0.07984
0.08048
0.08048
0.08048
0.07984
0.08048
0.07984
0.07921
0.07921
0.07858
0.07794
0.07541
0.07604
0.07604
0.07604
0.07668
0.07668
0.07731
0.08095
0.08048
0.07921
0.07984
0.07921
0.07604
0.07541
0.07541
0.07541
0.07477
0.07541
0.07604
0.07541
0.07477
0.07287
0.07034
0.07034
0.07161
0.07097
0.07097
0.07097
0.0697
0.06844
0.06907
0.0697
0.07161
0.07034
0.07034
0.07034
0.07097
0.07034
0.07034
0.07097
0.07034
0.07034
0.07034
0.06907
0.06844
0.07034
0.07034
0.07034
0.07097
0.07097
0.07161
0.07161
0.07097
0.07034
0.07034
0.07034
0.07097
0.07034
0.07034
0.07034
0.07224
0.07097
0.07097
0.07034
0.07097
0.07097
0.07097
0.07097
0.07097
0.07097
0.07097
0.07034
0.07034
0.07161
0.07161
0.07161
0.07161
0.07224
0.07097
0.07097
0.07097
0.07097
0.07097
0.07097
0.07034
0.0697
0.06907
0.06717
0.06717
0.06654
0.06654
0.0659
0.0659
0.0659
0.0659
0.0659
0.0659
0.0659
0.0659
0.0659
0.06527
0.06464
0.06464
0.06527
0.06527
0.06527
0.06527
0.06527
0.06527
0.06464
0.064
0.06337
0.064
0.06527
0.06464
0.06337
0.0602
0.06083
0.0602
0.0602
0.05957
0.0602
0.05957
0.05957
0.0602
0.05957
0.05893
0.0602
0.0602
0.0602
0.0602
0.0602
0.06083
0.06083
0.06083
0.0602
0.0602
0.06527
0.064
0.06273
0.06147
0.0621
0.06083
0.06147
0.06147
0.0602
0.0602
0.0602
0.05957
0.05957
0.05957
0.05957
0.05957
0.0602
0.06083
0.06083
0.06147
0.06147
0.06147
0.06083
0.06083
0.06083
0.06083
0.06083
0.06083
0.05957
0.0602
0.06083
0.06083
0.06083
0.06083
0.06147
0.06147
0.06147
0.06147
0.06147
0.06083
0.06147
0.0621
0.0621
0.0621
0.06147
0.06147
0.06147
0.06147
0.06147
0.0621
0.06337
0.06337
0.06273
0.0621
0.0621
0.06147
0.0621
0.06147
0.06083
0.0621
0.06717
0.06844
0.06654
0.06844
0.07224
0.08293
0.07739
0.07207
0.07256
0.07351
0.07858
0.06717
0.06717
0.06654
0.06464
0.06273
0.0621
0.06337
0.064
0.06464
0.0621
0.0621
0.06273
0.0621
0.06273
0.06147
0.0621
0.06273
0.06337
0.06337
0.06273
0.0621
0.06337
0.06273
0.06147
0.06147
0.06147
0.064
0.06464
0.06527
0.06464
0.06464
0.06527
0.064
0.0621
0.0621
0.06273
0.06273
0.0621
0.0621
0.0621
0.06273
0.06273
0.06273
0.0621
0.0621
0.06273
0.06337
0.064
0.06273
0.06273
0.06273
0.06273
0.0621
0.06147
0.0621
0.06147
0.07224
0.07097
0.06717
0.06654
0.06527
0.06527
0.06464
0.064
0.064
0.06337
0.06337
0.064
0.064
0.06527
0.06717
0.06907
0.06717
0.06527
0.06654
0.06654
0.0659
0.06527
0.06654
0.0678
0.06717
0.06844
0.07034
0.07097
0.06844
0.06907
0.06844
0.06844
0.06844
0.06907
0.06844
0.0697
0.07097
0.07034
0.07097
0.07097
0.07034
0.07034
0.07097
0.07097
0.07034
0.06907
0.06907
0.06907
0.06907
0.06907
0.06907
0.0697
0.06907
0.06844
0.06844
0.0697
0.06907
0.06907
0.06907
0.0697
0.07414
0.07414
0.07351
0.07351
0.07414
0.0697
0.0697
0.06907
0.06907
0.06844
0.06844
0.06907
0.06907
0.06844
0.06844
0.0678
0.0678
0.06717
0.06717
0.06717
0.06717
0.06717
0.0678
0.0678
0.06844
0.06844
0.0678
0.0678
0.0678
0.0678
0.06844
0.06844
0.06844
0.06717
0.0678
0.0678
0.06717
0.06717
0.06717
0.0678
0.0678
0.0678
0.0678
0.0678
0.0678
0.06717
0.0678
0.06844
0.06844
0.06907
0.06907
0.06907
0.06907
0.07097
0.07224
0.07351
0.07287
0.07287
0.07351
0.07351
0.07351
0.07287
0.07287
0.07351
0.07541
0.07794
0.07731
0.07604
0.07794
0.07604
0.07604
0.07541
0.07541
0.07541
0.07604
0.07541
0.07604
0.07731
0.07731
0.07794
0.07794
0.07984
0.07921
0.07921
0.07731
0.07097
0.07097
0.0697
0.07161
0.07351
0.07224
0.07034
0.07034
0.07034
0.0697
0.0678
0.06717
0.0678
0.06907
0.06907
0.06844
0.0678
0.06844
0.07034
0.07097
0.06844
0.0697
0.0697
0.06907
0.0697
0.06907
0.0697
0.07097
0.07097
0.07034
0.07034
0.07034
0.07034
0.07034
0.0697
0.0697
0.0697
0.0697
0.0697
0.06844
0.06844
0.0678
0.0678
0.06844
0.07382
0.06971
0.0703
0.07224
0.07161
0.07034
0.07097
0.07161
0.07097
0.0697
0.07034
0.07034
0.06939
0.0697
0.0697
0.0697
0.07034
0.07097
0.0697
0.06907
0.0697
0.0697
0.06907
0.06907
0.06907
0.06844
0.06907
0.06844
0.06844
0.0678
0.06844
0.0678
0.06717
0.0659
0.06654
0.0678
0.06844
0.06844
0.0678
0.06844
0.06844
0.06844
0.0678
0.0678
0.0678
0.0678
0.0678
0.0678
0.06717
0.06717
0.0678
0.0678
0.06717
0.06717
0.0678
0.0678
0.0678
0.0678
0.06717
0.06717
0.06717
0.06717
0.06907
0.06907
0.06907
0.06907
0.06907
0.0678
0.0678
0.0697
0.0697
0.07034
0.07034
0.07034
0.07034
0.06844
0.06907
0.06907
0.07097
0.07097
0.07161
0.07161
0.07034
0.07034
0.07034
0.07034
0.07097
0.07097
0.07034
0.0697
0.07034
0.07097
0.07097
0.07287
0.07287
0.07224
0.07287
0.07224
0.07287
0.07224
0.07224
0.07224
0.07287
0.07351
0.07351
0.07414
0.07604
0.07668
0.07668
0.07541
0.07541
0.07541
0.07541
0.07541
0.07477
0.07541
0.07541
0.07541
0.07541
0.07541
0.07604
0.07668
0.07794
0.07794
0.07794
0.07794
0.07794
0.07984
0.07858
0.07858
0.07921
0.07921
0.07921
0.07921
0.07858
0.07921
0.07858
0.07858
0.07858
0.07921
0.08048
0.08048
0.07984
0.07921
0.07984
0.08048
0.08048
0.08111
0.08111
0.08111
0.08111
0.08111
0.08111
0.07984
0.07921
0.07921
0.08048
0.08111
0.08174
0.08301
0.08365
0.08428
0.08428
0.08301
0.08301
0.08301
0.08238
0.08301
0.08238
0.08365
0.08365
0.08301
0.08301
0.08301
0.08301
0.08301
0.08301
0.08174
0.08174
0.08238
0.08238
0.08238
0.08238
0.08301
0.08301
0.08238
0.08238
0.08238
0.08365
0.08365
0.08301
0.08491
0.08555
0.08365
0.08365
0.08301
0.08301
0.08301
0.08365
0.08365
0.08301
0.08365
0.08365
0.08365
0.08365
0.08365
0.08365
0.08428
0.08428
0.08428
0.08428
0.08428
0.08365
0.08428
0.08428
0.08491
0.08491
0.08491
0.08491
0.08491
0.08491
0.08491
0.08491
0.08491
0.08618
0.08618
0.08681
0.08618
0.08618
0.08618
0.08618
0.08618
0.08555
0.08555
0.08618
0.08681
0.08681
0.08618
0.08491
0.08618
0.08745
0.08745
0.08681
0.08618
0.08681
0.08745
0.08745
0.08681
0.08745
0.08872
0.08872
0.08872
0.08872
0.10773
0.10519
0.10899
0.10646
0.09252
0.09252
0.09315
0.09252
0.09252
0.09252
0.09252
0.09252
0.09252
0.09252
0.09252
0.09315
0.09315
0.09252
0.09188
0.09252
0.09252
0.09188
0.09252
0.09252
0.09252
0.09252
0.09188
0.09188
0.09315
0.09315
0.09378
0.09315
0.09378
0.09378
0.09442
0.09442
0.09442
0.09442
0.09442
0.09442
0.09505
0.09505
0.09632
0.09885
0.10076
0.10076
0.09949
0.09949
0.09949
0.09885
0.09885
0.09885
0.09949
0.10012
0.10012
0.10012
0.10012
0.10012
0.10012
0.10139
0.10076
0.10266
0.10329
0.10329
0.10329
0.10012
0.10076
0.10012
0.10012
0.09949
0.10012
0.10012
0.10012
0.10012
0.10012
0.09923
0.10012
0.10012
0.09949
0.09949
0.10012
0.10012
0.10012
0.10012
0.09949
0.09949
0.09949
0.10012
0.09949
0.09949
0.09949
0.09949
0.09949
0.09949
0.09949
0.09949
0.09822
0.09822
0.09822
0.09822
0.09822
0.09822
0.09759
0.09822
0.09822
0.09885
0.09822
0.09822
0.09885
0.09822
0.09759
0.09695
0.09569
0.09505
0.09505
0.09505
0.09505
0.09569
0.09505
0.09632
0.09632
0.09569
0.09569
0.09695
0.09695
0.09695
0.09695
0.09695
0.09695
0.10012
0.09632
0.09569
0.09505
0.09505
0.09442
0.09252
0.09315
0.09252
0.09252
0.09252
0.09315
0.09315
0.09315
0.09252
0.09252
0.09252
0.09252
0.09188
0.09062
0.08998
0.08935
0.08872
0.08808
0.08872
0.08935
0.08998
0.09062
0.09062
0.09125
0.09062
0.09125
0.09188
0.09188
0.09062
0.09125
0.09062
0.09062
0.09125
0.09125
0.09062
0.09125
0.09062
0.09062
0.09062
0.09062
0.09062
0.09062
0.09062
0.09062
0.09062
0.08998
0.08998
0.08998
0.08998
0.09062
0.09062
0.09062
0.09125
0.09125
0.09188
0.09252
0.09315
0.09125
0.09188
0.09188
0.09188
0.09125
0.09125
0.09125
0.08935
0.08872
0.08998
0.08935
0.08935
0.08681
0.08808
0.08808
0.08808
0.08808
0.08872
0.08872
0.08808
0.08808
0.08808
0.08872
0.08872
0.08872
0.08872
0.08872
0.08872
0.08808
0.08681
0.08618
0.08681
0.08618
0.08681
0.08681
0.08618
0.08618
0.08618
0.08618
0.08618
0.08365
0.08365
0.08428
0.08618
0.08681
0.08681
0.08555
0.08618
0.08618
0.08618
0.08618
0.08555
0.08618
0.08808
0.08618
0.08618
0.08618
0.08618
0.08618
0.08618
0.08745
0.08745
0.10519
0.08681
0.08618
0.08555
0.08491
0.08428
0.08365
0.08428
0.08428
0.08365
0.08301
0.08301
0.08301
0.08301
0.08365
0.08365
0.08428
0.08365
0.08365
0.08428
0.08365
0.08301
0.08365
0.08365
0.08365
0.08301
0.08301
0.08301
0.08365
0.08365
0.08365
0.08301
0.08301
0.08365
0.08301
0.08365
0.08365
0.08365
0.08365
0.08365
0.08365
0.08365
0.08365
0.08365
0.08365
0.08365
0.08365
0.08365
0.08365
0.08365
0.08365
0.08365
0.08428
0.08428
0.08365
0.08365
0.08365
0.08365
0.08365
0.08365
0.08681
0.08555
0.08555
0.08618
0.08555
0.08428
0.08428
0.08428
0.08428
0.08491
0.08428
0.08428
0.08428
0.08428
0.08428
0.08428
0.08428
0.08491
0.08491
0.08491
0.08491
0.08428
0.08428
0.08491
0.08365
0.08428
0.08428
0.08428
0.08428
0.08365
0.08365
0.08301
0.08301
0.08301
0.08301
0.08365
0.08365
0.08301
0.08301
0.08301
0.08301
0.08301
0.08301
0.08301
0.08301
0.08365
0.08301
0.08301
0.08301
0.08301
0.08301
0.08301
0.08301
0.08365
0.08428
0.08365
0.08301
0.08301
0.08301
0.08365
0.08365
0.08428
0.08365
0.08428
0.08428
0.08618
0.08428
0.08365
0.08365
0.08365
0.08365
0.08365
0.08428
0.08491
0.08491
0.08428
0.08428
0.08365
0.08238
0.08238
0.08174
0.08174
0.08174
0.08111
0.08111
0.08174
0.08143
0.08174
0.08111
0.08111
0.08111
0.08111
0.08174
0.08174
0.08174
0.08174
0.08174
0.08174
0.08174
0.08238
0.08238
0.08238
0.08365
0.08301
0.08238
0.08174
0.08238
0.08238
0.08238
0.08174
0.08174
0.08111
0.08111
0.08174
0.08174
0.08174
0.08174
0.08238
0.08238
0.08174
0.08174
0.08174
0.08174
0.08238
0.08174
0.08681
0.08681
0.08745
0.08872
0.08872
0.08301
0.08301
0.08238
0.08301
0.08301
0.08301
0.08301
0.08365
0.08365
0.08301
0.08238
0.08174
0.08238
0.08238
0.08238
0.08238
0.08238
0.08174
0.08111
0.08174
0.08111
0.08048
0.07984
0.07984
0.07984
0.07984
0.08111
0.08111
0.08111
0.08048
0.07984
0.08048
0.08048
0.07984
0.07984
0.08048
0.07984
0.07984
0.07921
0.07921
0.07921
0.07858
0.07858
0.07921
0.08111
0.07984
0.07921
0.07858
0.07858
0.07731
0.07668
0.07604
0.07477
0.07414
0.07414
0.07414
0.07477
0.07541
0.07604
0.07477
0.07477
0.08214
0.07921
0.07649
0.07984
0.07858
0.07604
0.07414
0.07541
0.07541
0.07541
0.07224
0.07034
0.07097
0.07477
0.07414
0.07477
0.07224
0.07034
0.0697
0.0659
0.0678
0.0678
0.06907
0.0697
0.07097
0.07097
0.07097
0.06654
0.0659
0.06527
0.06464
0.06432
0.06464
0.06527
0.06527
0.06527
0.06527
0.06527
0.06527
0.06527
0.0659
0.0659
0.06654
0.06654
0.06654
0.06654
0.06654
0.06654
0.06654
0.0659
0.0659
0.0659
0.06527
0.06337
0.06337
0.06273
0.06147
0.06147
0.0621
0.06337
0.06844
0.06717
0.06717
0.06717
0.0678
0.06273
0.06337
0.064
0.064
0.064
0.0621
0.06147
0.06147
0.06083
0.0602
0.05957
0.05957
0.06147
0.0621
0.0621
0.0621
0.06147
0.0621
0.0621
0.06147
0.06083
0.06147
0.0602
0.0602
0.0602
0.05957
0.0602
0.05957
0.0583
0.05893
0.0602
0.0602
0.0602
0.05957
0.05957
0.05957
0.05957
0.05957
0.0602
0.06464
0.05957
0.05957
0.0602
0.0602
0.0602
0.06083
0.06147
0.06083
0.0602
0.06083
0.06083
0.06083
0.0602
0.05957
0.05957
0.05957
0.05957
0.0621
0.0621
0.0621
0.0621
0.06273
0.0602
0.0602
0.06083
0.06083
0.06083
0.06083
0.06083
0.06083
0.06083
0.06083
0.06083
0.06083
0.0602
0.0602
0.0602
0.0602
0.0602
0.0602
0.0602
0.0602
0.0602
0.05957
0.05893
0.05893
0.05893
0.05957
0.05893
0.05893
0.05957
0.05703
0.05703
0.05766
0.05766
0.0583
0.0583
0.05766
0.05703
0.0583
0.05766
0.05703
0.05703
0.05766
0.05735
0.05766
0.05703
0.05703
0.05703
0.05703
0.05735
0.05766
0.05766
0.05766
0.05703
0.05703
0.0564
0.0564
0.05513
0.05513
0.05766
0.05576
0.05513
0.05735
0.0564
0.05703
0.0564
0.0564
0.05513
0.0545
0.0545
0.0545
0.0545
0.05386
0.05386
0.05386
0.05386
0.05386
0.05323
0.05323
0.05386
0.05386
0.05386
0.05386
0.05386
0.05386
0.05386
0.05323
0.05386
0.0545
0.05386
0.0526
0.05133
0.05069
0.05133
0.05133
0.05006
0.05006
0.04943
0.04943
0.0499
0.05006
0.04943
0.04943
0.04943
0.04879
0.04879
0.04879
0.04879
0.04879
0.04943
0.04943
0.04943
0.04943
0.04943
0.04879
0.04563
0.04626
0.04626
0.04626
0.04563
0.04563
0.04563
0.04499
0.04563
0.04626
0.04626
0.04626
0.05196
0.04689
0.04499
0.04499
0.04436
0.04404
0.04372
0.04246
0.04119
0.04119
0.04182
0.04182
0.04246
0.04246
0.04246
0.04119
0.04182
0.04182
0.04182
0.04182
0.04246
0.04246
0.04182
0.04119
0.04182
0.04182
0.04182
0.04119
0.04119
0.04056
0.03992
0.04056
0.04056
0.04119
0.04119
0.04182
0.04246
0.04246
0.04246
0.04246
0.04246
0.04309
0.04182
0.04182
0.04246
0.04246
0.04309
0.04246
0.04246
0.04246
0.04246
0.04182
0.04182
0.04182
0.04182
0.04246
0.04246
0.04246
0.04182
0.04182
0.04182
0.04499
0.04436
0.04436
0.04309
0.04372
0.04246
0.04246
0.04182
0.04182
0.04246
0.04182
0.04182
0.04182
0.04182
0.03992
0.04056
0.04056
0.04056
0.04056
0.04056
0.03992
0.04056
0.03992
0.03992
0.03992
0.03992
0.03992
0.03992
0.03929
0.03929
0.03865
0.03865
0.03865
0.03929
0.03929
0.03865
0.03865
0.03929
0.03929
0.03865
0.03865
0.03929
0.03992
0.03992
0.03992
0.03992
0.03992
0.04056
0.03992
0.03929
0.03929
0.03929
0.03929
0.03929
0.03929
0.03929
0.03929
0.03929
0.03929
0.03929
0.03865
0.03865
0.03992
0.03992
0.03929
0.03929
0.03929
0.03929
0.03929
0.03929
0.03612
0.03485
0.03549
0.03485
0.03359
0.03359
0.03359
0.03359
0.03359
0.03359
0.03359
0.03422
0.03359
0.03422
0.03422
0.03422
0.03422
0.03359
0.03359
0.03359
0.03359
0.03359
0.03422
0.03422
0.03359
0.03422
0.03422
0.03422
0.03359
0.03359
0.03359
0.03359
0.03478
0.03351
0.03356
0.0329
0.0329
0.0329
0.03356
0.03417
0.03359
0.0329
0.03356
0.03483
0.0329
0.03356
0.03163
0.03163
0.03163
0.03037
0.03163
0.03103
0.03103
0.03097
0.03168
0.03103
0.03097
0.03163
0.03356
0.03295
0.03386
0.03351
0.0329
0.03356
0.03168
0.03037
0.03097
0.03097
0.02976
0.03037
0.03163
0.03163
0.03163
0.03229
0.03229
0.03229
0.03229
0.03168
0.03168
0.03229
0.03103
0.03103
0.03229
0.03229
0.03163
0.03168
0.03097
0.03229
0.03103
0.03229
0.03275
0.0331
0.0326
0.03326
0.0329
0.03163
0.03103
0.03163
0.03163
0.03103
0.03229
0.03103
0.03103
0.03103
0.02976
0.03037
0.03037
0.03163
0.03103
0.03037
0.03037
0.02976
0.03103
0.02976
0.02976
0.02978
0.03037
0.02976
0.02978
0.03168
0.03105
0.03105
0.03042
0.03105
0.03295
0.04119
0.04056
0.03232
0.03422
0.03359
0.03295
0.03168
0.03295
0.03168
0.03105
0.03168
0.03042
0.03232
0.02978
0.03042
0.03168
0.03168
0.03042
0.02978
0.03042
0.03042
0.03232
0.02978
0.03168
0.03168
0.03168
0.03105
0.03168
0.03105
0.03105
0.03103
0.03105
0.03168
0.03168
0.03042
0.03105
0.03168
0.03105
0.02978
0.03042
0.03042
0.03105
0.03168
0.03105
0.03168
0.03295
0.03105
0.03105
0.03168
0.03137
0.03168
0.03105
0.03042
0.03042
0.03232
0.03105
0.03042
0.02978
0.03105
0.02978
0.03105
0.03042
0.03168
0.03232
0.03168
0.03042
0.03232
0.03168
0.03042
0.03105
0.03105
0.03042
0.03105
0.03168
0.03073
0.03168
0.03105
0.03042
0.03168
0.03168
0.03168
0.03042
0.03105
0.03105
0.03168
0.03042
0.03105
0.02982
0.03042
0.02915
0.02978
0.03042
0.03042
0.03042
0.03042
0.03105
0.03105
0.03042
0.03042
0.02978
0.0301
0.03168
0.03042
0.03105
0.03042
0.03105
0.03105
0.03105
0.03105
0.03105
0.03168
0.03105
0.03105
0.03042
0.03168
0.03042
0.03014
0.03042
0.03061
0.03168
0.03073
0.03163
0.03168
0.03232
0.03105
0.03168
0.03168
0.03105
0.03168
0.03042
0.03163
0.03105
0.03232
0.03105
0.03137
0.03042
0.03105
0.03168
0.03042
0.03073
0.03105
0.03105
0.03042
0.03042
0.03073
0.03042
0.02978
0.03105
0.03042
0.03042
0.03168
0.03042
0.03042
0.03105
0.03168
0.03105
0.03105
0.03137
0.03105
0.03105
0.03168
0.03105
0.03168
0.03042
0.03137
0.03168
0.03168
0.03137
0.03042
0.03168
0.03105
0.03105
0.03042
0.02947
0.0301
0.02978
0.03168
0.03042
0.03105
0.03042
0.03115
0.03105
0.02978
0.03042
0.03105
0.03073
0.03168
0.03168
0.03168
0.03168
0.03232
0.03137
0.03137
0.03168
0.03073
0.03232
0.03105
0.03105
0.03073
0.03105
0.03168
0.03042
0.03014
0.03042
0.03042
0.03042
0.03105
0.03105
0.03105
0.03105
0.03105
0.03137
0.03042
0.02978
0.03105
0.03105
0.02978
0.03105
0.03042
0.03105
0.03042
0.03105
0.03042
0.02978
0.03042
0.03042
0.03042
0.03105
0.03105
0.03168
0.03105
0.03042
0.0301
0.03042
0.03105
0.03042
0.02978
0.03105
0.03042
0.03137
0.03026
0.03042
0.03042
0.02978
0.02978
0.02915
0.03042
0.0301
0.03042
0.02978
0.03042
0.03042
0.03137
0.03295
0.03359
0.03042
0.03295
0.03168
0.03105
0.03105
0.03014
0.03042
0.03073
0.02915
0.03042
0.02978
0.02978
0.03042
0.03042
0.02978
0.03042
0.02978
0.03105
0.03105
0.03042
0.03042
0.03042
0.03042
0.03137
0.03105
0.03092
0.03359
0.03295
0.03359
0.03359
0.03232
0.03359
0.03422
0.03327
0.03232
0.03295
0.03359
0.03359
0.03359
0.03359
0.03359
0.03359
0.03359
0.03359
0.03359
0.03359
0.03417
0.03485
0.03485
0.03359
0.03422
0.0339
0.03295
0.03359
0.03359
0.03359
0.03517
0.03549
0.03675
0.03675
0.03612
0.03675
0.03612
0.03549
0.03612
0.03739
0.03739
0.03675
0.03675
0.03675
0.03549
0.03612
0.03609
0.0358
0.03549
0.03612
0.03802
0.03802
0.03739
0.03802
0.03865
0.03834
0.03802
0.03739
0.03802
0.03739
0.03739
0.03865
0.03802
0.03865
0.03907
0.04056
0.04056
0.03929
0.04056
0.03961
0.04056
0.04008
0.04309
0.04233
0.04119
0.04182
0.04246
0.04246
0.04309
0.04277
0.04246
0.0423
0.04372
0.04341
0.04246
0.04309
0.04277
0.04309
0.04182
0.04309
0.04246
0.04309
0.04277
0.04309
0.04246
0.04246
0.04246
0.04246
0.04309
0.04372
0.04309
0.04372
0.04372
0.04499
0.04497
0.04563
0.04499
0.04372
0.0436
0.04372
0.04309
0.04372
0.04372
0.04246
0.04309
0.04272
0.04246
0.04251
0.04294
0.04372
0.04309
0.04309
0.04274
0.04304
0.0437
0.04339
0.04289
0.04309
0.04372
0.04582
0.04372
0.04436
0.04372
0.04499
0.04557
0.04626
0.04784
0.04816
0.04816
0.04689
0.04763
0.04753
0.04753
0.04816
0.04753
0.04816
0.04879
0.04816
0.04753
0.04816
0.04848
0.04848
0.04816
0.04753
0.04879
0.04816
0.04816
0.04816
0.04816
0.04816
0.04753
0.04816
0.04753
0.04943
0.05006
0.05006
0.04816
0.04943
0.04879
0.04816
0.04879
0.04753
0.05196
0.04816
0.04943
0.04879
0.04816
0.04753
0.04784
0.04816
0.04753
0.04879
0.04753
0.04753
0.04879
0.04816
0.04816
0.04816
0.04879
0.04816
0.04753
0.04753
0.04816
0.04816
0.04816
0.04911
0.05164
0.05133
0.05323
0.0526
0.0545
0.05576
0.05576
0.05513
0.05513
0.05576
0.05576
0.0564
0.05576
0.05592
0.0564
0.05576
0.0564
0.05698
0.05637
0.0564
0.05612
0.05576
0.05576
0.05561
0.0564
0.05576
0.05576
0.05513
0.05576
0.0564
0.05576
0.064
0.06337
0.06273
0.06464
0.05893
0.05893
0.0583
0.05703
0.05766
0.0564
0.0564
0.05703
0.05513
0.05576
0.05576
0.05576
0.0564
0.0564
0.0564
0.0564
0.05576
0.0564
0.0564
0.05766
0.05957
0.0602
0.06083
0.06147
0.06083
0.05988
0.06083
0.05957
0.05957
0.0602
0.05957
0.06052
0.06083
0.06147
0.06083
0.0602
0.06083
0.0602
0.06083
0.06052
0.06083
